Robert Maule
4/25/20

[424158.6105276138, 336763.64253429207, 267500.8918301831, 212608.3866398105, 169104.66820608496, 134626.85428247563, 107302.30031279112, 85646.88763687317, 68484.41429469275, 54882.71017888845, 44103.00666078317, 35559.81072530629, 28789.104197633074, 23423.14081773018, 19170.472277954254, 15800.118347478106, 13129.02129141767, 11012.10317742835, 9334.386037128845, 8004.746892686253, 6950.968455814253, 6115.816680266017, 5453.932121959331, 4929.366262444458, 4513.628982301195, 4184.141133915509, 3923.0081658655467, 3716.048188911396, 3552.0216934574823, 3422.021080959355, 3318.9868519649604, 3237.3241727752606, 3172.598994725226, 3121.297220949372, 3080.633839889813, 3048.401658724261, 3022.8514207427534, 3002.59679530541, 2986.539079956245, 2973.8075249244775, 2963.712038766926, 2955.705706381135, 2949.3550835731326, 2944.3166547432947, 2940.3181750008125, 2937.143883312754, 2934.622783546787, 2932.619356898162, 2931.026201250683, 2929.7581976823326, 2928.7478872718298, 2927.941807099685, 2927.2975864355262, 2926.7816453922137, 2926.3673710505263, 2926.033671991325, 2925.7638327253826, 2925.544605799725, 2925.3654922687274, 2925.2181714490657, 2925.096048985976, 2924.993898684142, 2924.907578649592, 2924.8338063249075, 2924.7699801987874, 2924.7140385064104, 2924.664347245837, 2924.6196114281393, 2924.5788047408623, 2924.541113804507, 2924.5058939944015, 2924.4726344283786, 2924.440930218628, 2924.410460480576, 2924.3809709043453, 2924.352259942234, 2924.324167861885, 2924.2965680706798, 2924.2693602401177, 2924.242464856635, 2924.2158189030743, 2924.1893724360702, 2924.163085873622, 2924.136927845307, 2924.1108734886457, 2924.0849030988484, 2924.059001058725, 2924.0331549906077, 2924.007355084241, 2923.9815935641327, 2923.9558642673387, 2923.93016230894, 2923.904483816888, 2923.878825721842, 2923.853185590621, 2923.8275614942386, 2923.8019519033082, 2923.776355605089, 2923.7507716378204, 2923.725199238651]
Initial weights:
 [-0.146, 0.185, -0.044, 0.119]

Prediction     Error   Squared Error
[[    93.13    226.87  51470.  ]
 [   107.25    272.75  74394.74]
 [   114.99    285.01  81230.13]
 [   119.04    270.96  73419.32]
 [   134.43    250.57  62786.83]
 [   130.13    279.87  78327.22]
 [   142.7     337.3  113773.31]
 [   168.08    431.92 186558.34]
 [   170.39    399.61 159688.15]
 [   187.31    432.69 187217.17]]

Error Delta:
[[   226.87 113435.      907.48   1814.96]
 [   272.75 150014.7    1909.28  13637.7 ]
 [   285.01 176705.58   2565.08   1995.06]
 [   270.96 170704.8    1354.8    6503.04]
 [   250.57 166631.05   2004.58  25057.3 ]
 [   279.87 195909.     1119.48   2238.96]
 [   337.3  259723.31   3373.03   2361.12]
 [   431.92 380093.12   5183.09  21596.2 ]
 [   399.61 367641.2    5594.54   3196.88]
 [   432.69 432686.     3894.17  10384.46]]

Weights after first run 
[-0.14593624882, 0.2332708751, -0.043441889299999994, 0.12077571376]

Prediction     Error   Squared Error
[[   117.28    202.72  41094.61]
 [   133.89    246.11  60571.25]
 [   144.94    255.06  65057.41]
 [   149.5     240.5   57842.11]
 [   166.71    218.29  47650.86]
 [   163.94    246.06  60547.44]
 [   179.88    300.12  90069.82]
 [   210.65    389.35 151593.49]
 [   214.82    355.18 126151.92]
 [   235.63    384.37 147738.31]]

Error Delta:
[[   202.72 101359.03    810.87   1621.74]
 [   246.11 135361.74   1722.79  12305.61]
 [   255.06 158139.4    2295.57   1785.44]
 [   240.5  151517.44   1202.52   5772.09]
 [   218.29 145163.36   1746.33  21829.08]
 [   246.06 172244.72    984.26   1968.51]
 [   300.12 231089.59   3001.16   2100.81]
 [   389.35 342628.07   4672.2   19467.5 ]
 [   355.18 326764.41   4972.5    2841.43]
 [   384.37 384367.42   3459.31   9224.82]]

Weights after second run 
[-0.14587949352076146, 0.276243578956101, -0.042944539214295925, 0.12235405475504527]

Prediction     Error   Squared Error
[[   138.78    181.22  32839.61]
 [   157.61    222.39  49459.46]
 [   171.6     228.4   52168.79]
 [   176.61    213.39  45535.57]
 [   195.45    189.55  35929.98]
 [   194.03    215.97  46642.32]
 [   212.99    267.01  71295.03]
 [   248.55    351.45 123516.51]
 [   254.38    315.62  99618.62]
 [   278.65    341.35 116521.4 ]]

Error Delta:
[[   181.22  90608.52    724.87   1449.74]
 [   222.39 122317.15   1556.76  11119.74]
 [   228.4  141611.03   2055.64   1598.83]
 [   213.39 134436.11   1066.95   5121.38]
 [   189.55 126052.11   1516.42  18955.21]
 [   215.97 151177.82    863.87   1727.75]
 [   267.01 205598.69   2670.11   1869.08]
 [   351.45 309275.26   4217.39  17572.46]
 [   315.62 290374.24   4418.74   2524.99]
 [   341.35 341352.3    3072.17   8192.46]]

New weights after 100 runs 
[-0.14541790584012942, 0.6248487213623122, -0.03850267959092725, 0.13314989875768823]

Prediction   Error  Squared Error
[[ 313.19    6.81   46.37]
 [ 349.91   30.09  905.45]
 [ 387.85   12.15  147.71]
 [ 396.51   -6.51   42.41]
 [ 428.39  -43.39 1882.34]
 [ 438.16  -28.16  792.98]
 [ 481.54   -1.54    2.36]
 [ 555.92   44.08 1943.32]
 [ 575.24   -5.24   27.47]
 [ 627.55   -7.55   57.04]]

Error Delta:
[[     6.81   3404.93     27.24     54.48]
 [    30.09  16549.85    210.63   1504.53]
 [    12.15   7535.29    109.38     85.08]
 [    -6.51  -4102.79    -32.56   -156.3 ]
 [   -43.39 -28851.66   -347.09  -4338.6 ]
 [   -28.16 -19711.91   -112.64   -225.28]
 [    -1.54  -1182.04    -15.35    -10.75]
 [    44.08  38793.11    529.     2204.15]
 [    -5.24  -4822.24    -73.38    -41.93]
 [    -7.55  -7552.38    -67.97   -181.26]]

Final Error:  2923.725199238651

 Part 2  

Initial weights:
 [-59.5, -0.15, 0.6]

Prediction     Error   Squared Error
[[ 17.15  20.84 434.31]
 [ 26.    21.34 455.4 ]
 [ 25.55  18.83 354.57]
 [ 13.4   14.77 218.15]
 [  8.9   18.17 330.15]
 [ 20.9   16.95 287.3 ]
 [ 28.85  15.87 251.86]
 [ 19.4   17.02 289.68]
 [ 17.75  13.46 181.17]
 [ 29.6   25.25 637.56]
 [ 19.85  19.99 399.6 ]
 [ 16.85  13.98 195.44]]

Error Delta:
[[  20.84  854.44 2875.92]
 [  21.34  896.28 3265.02]
 [  18.83  696.71 2843.33]
 [  14.77  679.42 1964.41]
 [  18.17  872.16 2289.42]
 [  16.95  745.8  2457.75]
 [  15.87  682.41 2507.46]
 [  17.02  782.92 2433.86]
 [  13.46  498.02 1857.48]
 [  25.25  959.5  3989.5 ]
 [  19.99  859.57 2858.57]
 [  13.98  601.14 1929.24]]

weights after one run 
[-59.49956706, -0.13174326, 0.66254392]

Prediction     Error   Squared Error
[[ 26.53  11.46 131.33]
 [ 36.34  11.   121.08]
 [ 35.67   8.71  75.86]
 [ 22.56   5.61  31.49]
 [ 17.66   9.41  88.6 ]
 [ 30.77   7.08  50.09]
 [ 39.52   5.2   27.07]
 [ 29.18   7.24  52.36]
 [ 27.06   4.15  17.25]
 [ 40.18  14.67 215.32]
 [ 29.58  10.26 105.28]
 [ 26.27   4.56  20.83]]

Error Delta:
[[  11.46  469.86 1581.48]
 [  11.    462.15 1683.55]
 [   8.71  322.27 1315.2 ]
 [   5.61  258.13  746.32]
 [   9.41  451.81 1186.  ]
 [   7.08  311.41 1026.22]
 [   5.2   223.71  822.01]
 [   7.24  332.85 1034.74]
 [   4.15  153.66  573.11]
 [  14.67  557.61 2318.47]
 [  10.26  441.21 1467.29]
 [   4.56  196.23  629.76]]

 Weights after run 2
[-59.49936833067456, -0.123381473826, 0.6913122222188]

Prediction     Error   Squared Error
[[30.84  7.15 51.08]
 [41.09  6.25 39.07]
 [40.32  4.06 16.45]
 [26.77  1.4   1.96]
 [21.68  5.39 29.01]
 [35.31  2.54  6.44]
 [44.42  0.3   0.09]
 [33.68  2.74  7.49]
 [31.34 -0.13  0.02]
 [45.04  9.81 96.25]
 [34.05  5.79 33.49]
 [30.6   0.23  0.05]]

Error Delta:
[[   7.15  293.02  986.28]
 [   6.25  262.53  956.34]
 [   4.06  150.08  612.51]
 [   1.4    64.42  186.25]
 [   5.39  258.54  678.68]
 [   2.54  111.67  367.99]
 [   0.3    12.79   47.  ]
 [   2.74  125.91  391.43]
 [  -0.13   -4.68  -17.47]
 [   9.81  372.8  1550.06]
 [   5.79  248.85  827.56]
 [   0.23   10.05   32.25]]
\weight after 100 runs 
[-59.4992592014287, -0.12200373878125967, 0.7174823488856135]

Prediction   Error  Squared Error
[[34.51  3.48 12.1 ]
 [45.15  2.19  4.79]
 [44.33  0.05  0.  ]
 [30.31 -2.14  4.6 ]
 [25.05  2.02  4.09]
 [39.17 -1.32  1.74]
 [48.62 -3.9  15.18]
 [37.49 -1.07  1.14]
 [35.   -3.79 14.36]
 [49.23  5.62 31.62]
 [37.85  1.99  3.94]
 [34.27 -3.44 11.81]]

Error Delta:
[[   3.48  142.63  480.08]
 [   2.19   91.92  334.86]
 [   0.05    1.98    8.09]
 [  -2.14  -98.61 -285.11]
 [   2.02   97.09  254.86]
 [  -1.32  -57.97 -191.04]
 [  -3.9  -167.56 -615.69]
 [  -1.07  -49.15 -152.8 ]
 [  -3.79 -140.2  -522.9 ]
 [   5.62  213.68  888.46]
 [   1.99   85.37  283.92]
 [  -3.44 -147.8  -474.33]]

Final sum of squared errors:  52.68931137651481